12
16.3516
24
32.7032
36
65.4064
48
130.8128
60
261.6256
13
17.3239
25
34.6478
37
69.2957
49
138.5913
61
277.1826
14
18.354
26
36.7081
38
73.4162
50
146.8324
62
293.6648
15
19.4454
27
38.8909
39
77.7817
51
155.5635
63
311.127
16
20.6017
28
41.2034
40
82.4069
52
164.8138
64
329.6276
17
21.8268
29
43.6535
41
87.3071
53
174.6141
65
349.2282
18
23.1247
30
46.2493
42
92.4986
54
184.9972
66
369.9944
19
24.4997
31
48.9994
43
97.9989
55
195.9977
67
391.9954
20
25.9565
32
51.9131
44
103.8262
56
207.6523
68
415.3047
21
27.5
33
55
45
110
57
220
69
440
22
29.1352
34
58.2705
46
116.5409
58
233.0819
70
466.1638
23
30.8677
35
61.7354
47
123.4708
59
246.9417
71
493.8833
72
523.2511
84
1046.5023
96
2093.0045
108
4186.009
73
554.3653
85
1108.7305
97
2217.461
109
4434.9221
74
587.3295
86
1174.6591
98
2349.3181
110
4698.6363
75
622.254
87
1244.5079
99
2489.0159
111
4978.0317
76
659.2551
88
1318.5102
100
2637.0205
112
5274.0409
77
698.4565
89
1396.9129
101
2793.8259
113
5587.6517
78
739.9888
90
1479.9777
102
2959.9554
114
5919.9108
79
783.9909
91
1567.9817
103
3135.9635
115
6271.927
80
830.6094
92
1661.2188
104
3322.4376
116
6644.8752
81
880
93
1760
105
3520
117
7040
82
932.3275
94
1864.655
106
3729.3101
118
7458.6202
83
987.7666
95
1975.5332
107
3951.0664
119
7902.1328